77284131
125095755
132889441
92790051
120708587
248935421
94613373
148744403
99985311
181198639
93343447
96468803
162045519
2920007
209490703
238848507
127520113
49021907
121183369
18715091
246645255
929776
43125909
51245191
47993001
97521849
34462237
57680843
61210625
129864089
99551617
39504303
150805657
175615369
9047293
71539611
137219083
30329717
108561047
145861455
188812201
122878171
9048075
162070857
188854453
36203023
192570169
74909179
104955535
160855349
80457175
98244067
82390495
103199783
240409193
159227931
238021481
117018321
23784657
77408801
115178431
189169111
93523507
162173677
169744355
167864061
235644033
238404043
627719
178833407
68662277
136054543
159628349
134415207
182359679
15597412
203699427
70146579
190676663
107634155
212029621
129963375
127150523
231870437
79684597
38531457
163155935
18701
139251713
84507379
161033063
81024899
99268245
247127585
249864945
132963347
212573281
250291667
198839755
148792081
68615279
64739583
178269115
152587023
202462115
204617815
175872549
380859
131595719
130982331
167074409
157915617
150972805
24706323
88233255
22215191
166335109
187519677
1479510
164656583
87872723
135577695
76586221
143349057
163056265
189688245
74685753
27560527
144094881
120332611
83860287
146526543
110233225
138314867
15439602
128269197
218979037
124701381
210315403
63509233
150387399
122802463
54079405
154493257
199760001
94194587
54578795
140239317
99093029
106197539
39398907
3009469
44877279
120477347
18664181
151537993
134475453
128689323
130467151
105824809
125722319
127066687
75491543
21306421
163161577
1477262
181725907
25359750
82838525
152350761
243164337
176099479
144816647
105870791
151122397
166763167
44347397
106275383
53170243
163120403
168532515
170625015
228671783
70601713
38599833
47954703
162453459
169294771
164053659
113640049
113913297
46455073
5678973
119396547
73410181
205367805
74458547
35876501
62569561
208394273
26601481
52020469
126780319
17808910
187525055
30182871
19598911
129659057
69578083
126849207
138565153
18345297
191211931
118395617
215495923
154862445
178295907
94206517
184520815
152508995
6010241
243163769
203307299
52257821
8485035
89525193
160184833
24406487
137853
2622065
70847373
134497709
194949159
148950373
197298739
96065785
51910771
13232287
205935099
58211929
45576007
214032768
116999143
150331023
234806135
126550661
35085821
188713457
48504205
104328831
31409785
17751714
231689991
211417051
177827371
8873657
44817691
34252245
111919103
2412097
120979037
245657215
232044993
73500745
87807649
186531973
63728485
206914257
196822559
122410279
164306885
77410727
36949031
181615251
105668821
201949229
233005811
107537581
156977031
77455885
50662331
137662341
90883953
86222107
65920433
71597929
101830211
9158299
237537877
246778863
377374
29516779
185457431
179697581
64748343
229187231
136518377
5690285
156887227
49626177
48544297
90205307
79393637
111781045
160900781
134297267
39821199
222195817
159005857
195537971
223084253
50012653
112651961
49650205
166072159
151431491
210367921
250245615
188156417
194274885
95564723
54587405
96189671
102738415
150298333
16224079
17568216
199295373
387271
138893541
88107555
168210301
222538829
77144135
101972901
34084751
67925997
12784350
108125641
136742487
110445813
34882455
161453269
104936571
230939413
146587
173781381
136054343
115524025
229848091
141101199
207710831
139906991
110199385
202573439
104468427
103465353
43510373
76823663
24943565
210048863
104480203
195710733
149669137
35751051
80827
6630085
134027655
122897291
17808874
207750899
155945847
170666767
159016617
3467776
184420649
122035371
185220999
221918401
75037419
89463585
152010969
190882701
132179501
44491055
14691017
86774969
16712066
64823375
151804311
91758449
84135095
128701991
89675825
198354787
4044239
18907063
88217275
39900339
72676463
168287635
71181989
28790166
154905233
197806543
84017019
70232445
97647369
70937529
129641049
129106609
65712515
51993083
52260903
205884255
11477789
433840
134101723
127372505
92651253
89823209
161500215
75765161
136034185
50726617
149113017
158799413
136441715
17990780
14764691
42114401
229820517
88620173
97845793
156927657
202500721
217580677
223443819
117171591
37793843
191821745
126335635
189358049
187466551
86211277
35901761
226654739
208044019
215124886
80042687
138599829
74202879
139964545
155646121
84451699
191652291
200200869
195537365
19902957
144540761
193046659
146031019
96374225
68150991
221515879
132440355
48723283
158955547
167689773
101196705
39390397
86057301
222315597
249437237
83142747
79397987
211633287
140863695
48256357
39974045
249560561
118379303
40733745
108632765
224102773
152097829
202127941
163623121
146355505
238903899
195343209
7958851
190821045
129772037
220000583
170272609
131633221
115908751
167163257
147843141
2289222
70509971
107434343
177427839
218633919
200042295
196925191
12449502
156061397
245290319
18788081
49657327
88016221
117044045
112309233
134813385
227650635
75747147
238107823
120336233
76367125
191226175
59778279
72416051
172058345
188563369
76417415
93183915
182806345
172139053
78970325
17023750
178413829
124463513
70024345
60297189
52062635
214908076
114984201
20173645
88942237
18350073
107340031
204671637
152565791
86220891
215331216
145979021
91264633
2409257
4453069
151660721
130678245
188115063
169157339
55045261
248335749
55446579
202685019
148582435
215363829
202487185
123288579
153911015
134814563
169981303
130016559
169660429
150177503
38926175
8906421
88087037
212225911
120005543
159573147
163539235
225711239
210684755
80229201
79548855
201371105
120397515
27399223
83258083
161388727
123966061
211844197
200739249
206091847
211724905
172091881
134639185
56734397
63979499
90911355
84294543
50189701
245177201
5368522
110179337
59049779
116401107
244669401
103701987
192479653
194825961
83762007
198049365
80755987
110501309
191407079
28026947
87644187
169552403
110076951
90353709
35552045
189962049
29817519
142916133
249702807
13074393
48045293
203373945
7808269
182536665
88066779
180565545
78611149
116026017
202246685
23361605
76240533
61689751
164836879
139289163
196436857
126276621
192353997
217046929
243473705
198344021
214410456
123068273
172340069
91426035
115856809
36221507
31832723
208239861
60626355
36921479
228897853
145181535
122818539
38310891
139997759
214025186
78743327
160126941
140223177
250367913
11617656
114361001
54615753
96983293
89076679
221117639
227254261
64338287
124245069
234554415
180823369
111159255
148600109
36823605
166992051
194468931
124931837
87335187
70464027
189863717
47250905
8911213
209043363
62647249
198239343
145892407
231953875
127540779
36193519
99621251
224237715
230381753
173523857
56150287
196390161
172600105
3689492
177282055
208826213
176721061
136308779
123340733
91232953
206488717
60599719
166922193
3990171
78046339
31789597
119973883
1657226
5737489
60131923
80876013
20912521
68445249
245304209
208758341
170750571
19618855
125423879
64919841
168803013
1885048
159782687
186022283
245996155
80030243
191870391
87459651
43122055
134887755
49047267
213783378
71119937
82293535
238311495
149414225
170069211
192460393
53939863
210684835
121412027
122292465
130926625
212101997
3992488
93444353
181553069
3992485
29283464
230711945
228169543
78962803
66221911
134097581
134031649
246085889
103635521
19560687
106633009
147761803
208643341
124772933
150085405
172195755
226529491
72755539
175564541
59106923
80133469
112883373
10824475
49657045
129193695
185757261
163048719
223311343
111814171
171009987
135057741
96199199
80840459
201797105
149261499
245788897
182741909
149360289
90925371
100948701
37952885
55522027
125484131
46876233
58241829
135411701
152395095
92666141
160238255
229636055
109897583
179445155
221818101
248623031
114516053
121476267
86185311
84682493
42108375
158663951
245873797
218237263
196996385
195517987
94292477
193104053
101347893
50899719
199465115
200814491
250084141
36303987
3091439
148192887
243498257
68008929
205627933
192676029
233213197
208159463
33497847
7303427
127907647
238217637
78927647
86435327
172027913
613866
202387377
160063167
125245169
150511915
162996053
150610151
56571171
881441
113184517
210055259
131892715
62820077
247715359
26173499
196286935
233767825
63014709
136653231
191388063
197450235
14760559
101556677
201419141
169454345
97389833
197548749
69511457
145997669
137817367
111969583
84584273
94067707
111062351
75899459
5547412
154492935
213577852
149402555
163723451
95629999
207546837
186209837
58618453
166050595
195247149
176282243
214549208
245836013
74703007
146116549
163847773
35019871
212297629
5127946
110786201
116531459
113685237
88468905
156611655
89865057
143073615
66894555
56431181
65300981
139327643
233812623
26771457
152051307
98153581
148156641
59635897
132502665
127584837
74977249
98148733
201033677
191639675
190380883
138218819
46432363
83105547
178403015
80686143
111163921
219953423
150641607
150472983
65181727
219614927
111409553
221537439
71932921
480586
245667249
132049737
118121379
28796542
167751481
82882015
231846637
129546987
201015049
223884905
113652451
231413587
133831565
62844875
211472577
123368641
244878705
20245883
20727973
110178513
248649447
162197673
249838077
228588961
163315473
85659427
212491787
140617855
157084201
247803821
201696607
130253697
146216293
180938071
190785877
213973226
160067773
223494697
65398735
13531475
84343103
188608089
127291739
2539819
125157921
147351801
184470419
131158719
45484445
130979825
209533773
244055369
141914409
63183933
204832577
194910727
86415243
223251931
95148333
99433791
7131871
77989241
195836147
211282007
125551499
125300539
169346527
201718075
151456187
123968563
49656625
139373747
60818267
165556283
55309825
95847713
168191829
100079647
62285105
245513749
109787693
212366681
139596261
128480587
124542925
167840245
178881229
134295785
20674977
156959403
230830611
151443985
124344961
190245231
5291413
157142579
32557233
195874455
17036260
64835035
126565833
105537631
152024547
127745789
592286
62113289
114742643
127541143
106604351
78734879
170931551
92348135
113670391
118146575
34462213
64746887
102626487
137408887
128278629
234205259
151063215
186209975
43003707
51015115
87990441
194222523
5691237
114016681
240153909
174175393
227106607
193338029
94774757
192703217
113805829
168370411
28127389
180943801
57974939
242766033
149454871
190250839
83828615
172355493
106676387
64144933
64398689
201008755
56415071
188511867
112575885
67643817
78927279
2411429
198399217
194783903
46274691
137880985
190972117
19896689
134019569
48134125
250295115
11021095
193744039
55656127
84342353
31585745
156090321
118271423
140378225
150693631
46587177
206786977
29859281
73716993
26341913
121430047
229118353
185569437
239327907
49706503
238328075
157801615
232477711
14962460
311653
83072421
243334581
203476969
126038699
187165281
189461103
55401405
177134191
172070487
246392097
152516213
75419675
152008329
121533859
755178
235688299
187295035
148818099
156702413
42385341
243318885
91301595
148769349
19466713
207267207
231099427
26911081
48579177
217433837
159536525
198915783
159087619
147375601
140551235
108103867
13781919
73619339
127194811
195205837
85722779
158071599
201736727
162208831
200830079
117782185
168211073
247032951
131431435
126565825
4553752
144241943
198012435
32785267
234192023
66690033
213320622
5847610
49150123
185877555
174363435
228618371
180163433
49664781
74762301
194446533
186966411
62400231
206222377
51480703
200278863
47952403
228906625
12131319
79182947
65814377
97635095
236474381
188750599
10145495
47630229
52177199
185158921
218625225
161370767
156446901
180686931
93022037
103493595
130900145
40268241
229064357
214133682
200375113
250389859
27401007
93251215
35895915
140947719
208502153
152845353
141230435
2071573
156630817
27640709
98995865
242965367
202216045
199503317
243703477
86641245
70947883
165029171
60663587
33881323
137213669
67148185
82109467
127103593
220558925
50268893
18500103
73716987
109441241
21667719
170686773
164091759
766995
85635277
87536375
206614701
137453401
141968743
237308601
189221763
18510055
134127793
173048467
38178149
187336005
4888533
199899205
216512181
115673443
15864773
218933741
55402401
101167819
221029797
59811577
203461135
108934395
153908395
95744187
62069797
159628361
26195781
180283649
195818745
223483033
222009349
163643935
2634427
139366227
63133895
153549487
36148417
169652317
178021799
98466401
156702241
85061671
194727701
231779483
143942109
163948915
194727709
189294941
222039305
183732615
83160565
54538959
59777031
3106036
192032919
167747
248562321
138469679
120553843
106113941
190219837
169081871
194723043
48214033
187853387
175121447
79721443
200494849
386682
224064875
44528997
40309889
182973115
5639687
43907579
99420827
215926491
147944781
51066033
196027321
89911867
134181319
76298239
185168145
166931543
156970381
217236611
156753867
79710339
15257192
194826429
106932671
243386785
202032729
34584191
198163607
41297223
145596013
247273869
193745129
6390387
109449815
188469695
32566695
105994485
106305691
14185347
91617093
70415529
139191935
75963739
215125174
133236351
67316293
205338715
86686113
1741086
143991839
224937533
1149780
22980981
154408919
99248099
187125091
137235965
217575691
19320873
145744963
285732
47768051
5575614
80569167
214205194
186205859
135390821
89557417
99789667
121367527
200726619
63758259
27102039
121318647
213709006
60307625
121111327
197556163
3009741
194871997
89601561
53969135
143784503
160405515
156899439
84874383
230403793
61961865
170031671
136887197
50190281
179826417
231471517
24996603
133457059
20026313
102577927
152543607
131186297
124324083
222855671
166666625
71580121
246779793
189235571
238538907
200873227
193881103
96460315
26409075
199938639
117177545
8002787
6515235
103781815
45865077
11782978
142484159
166545677
140265127
188871445
54617779
104402699
218873247
170583443
195631897
203476057
112903497
85087503
4302655
149530337
170319569
240382479
236200149
69599777
11828518
236396099
43386225
216813423
75364545
158218153
217199487
144426031
109403049
234736949
50167943
109095041
133348607
5640321
62113275
122927081
26571241
58512335
52057293
239279883
108504789
120309911
220874011
93000031
7791137
236641283
180283125
157143549
2236417
55362991
166732665
204315085
127089647
35117021
103560463
232374193
144501093
138530545
146358293
148332407
162632977
248887187
140448263
166297907
32997771
197107365
46687649
249160823
180067259
184802461
34258203
141042597
230198311
6679961
167336791
124940283
90580261
225492685
55084185
150529871
71980777
188030903
98837933
210583347
78016417
53812415
203190265
70172957
82453241
194069435
62835011
243997301
208141613
65772495
163998553
80400963
76798513
62120655
68817349
71156679
164680893
3491632
151740111
81266577
105230373
230629567
191770505
224781507
4716254
135157101
201311933
71295515
56426501
127800061
85107907
184005473
187907417
68014411
149031643
68805749
231888787
195152397
179661135
101556683
105885195
186037581
98233557
123426345
41797459
154212017
137919837
154816809
221023767
201715861
3944571
73418897
10788653
109408233
166932329
104096605
228609557
54565131
154736231
55893073
209582401
206909987
123545691
115867131
83117957
163050261
177955225
123493179
32630827
238559573
129581449
238847551
70097523
140870233
92586969
216909549
44634969
182329321
179684589
113662619
95590285
195925489
231938453
217834163
34227991
4139219
191770959
167847377
250087645
187262737
56070193
136296711
151036513
63594181
80638481
159954459
86178705
166854885
182888123
224139785
211027651
193254193
149992399
122617849
188473211
145869449
154136285
213643986
157661251
127080187
48106423
28075009
196005785
4709495
26661777
215209128
190755439
74236079
123371449
90083571
15580580
74191747
73553639
56298305
576973
84068559
58408555
196922927
215745887
176378833
139511023
232302805
120658071
102636383
116199313
198314393
1678055
137661335
188109195
59187071
17131932
86860017
73438501
35300593
238330373
187054505
129711455
104460033
175868689
231732945
165070875
243676573
212321795
89568785
31417973
103183243
134687695
208496319
85158619
236627335
157841617
54710859
3548838
184913693
194716495
133121319
227970139
61961287
73768459
116667651
136015171
97187025
83348691
120463707
123020145
141017469
159491241
50312381
8305303
8305301
56826665
22743943
208675387
99921291
37914611
146798455
139861773
244194105
231564875
105594567
7805561
162477869
73089317
198136463
175764895
132499579
178696727
75813297
77903593
197614925
115397641
191761187
50200635
175595133
14480155
79623419
30650161
155373451
53521709
82454783
245838969
234526419
240571147
109419473
21713641
118330239
129238055
203757959
142564911
101354981
156385927
168855469
34747403
73587627
71419529
96713321
6655313
119757009
39857663
237615149
47149629
119907051
120758203
16915668
209168907
207105587
4166832
248061323
217354651
81484597
203531837
1306380
586408
136913451
194720401
167102819
28939269
87912281
115567645
234684791
78831879
115989151
11589310
201081613
56662241
54486419
132385319
87197799
101235815
75596573
109742819
177957813
17821118
102650105
128806143
217243931
164047939
165987365
35077923
226844179
2850326
171223139
158202877
83597051
178269867
233557375
111553039
119276523
237819203
67182713
3974545
247877287
151144857
67644341
195944679
235812575
90238091
167529093
39990787
214211094
184795451
125757623
40872097
210262981
204684315
49816649
15279262
166727299
197706225
133079473
193478221
87906973
59141317
194716539
233490929
124906213
201008817
87917911
49187731
1354031
41014017
169126491
246996115
182563901
137093947
46957137
215561783
46957133
144549803
133536967
135895445
225725841
150907371
103743281
162939215
130866265
130766577
54479231
80569797
56610489
50156099
178315583
79962355
238193061
200640721
150995959
247336853
47561761
1123659
116651407
116176955
195667463
213826612
224076
182341527
122043907
154589845
115551387
214687014
151641213
76478973
214473924
120951607
181166301
116505025
18648677
113332059
4850768
230453227
165250973
13083541
216123181
102432171
119930537
124124287
219415611
166154979
17993032
58976487
188843323
178178857
143357255
153739697
111941011
149875735
203455249
1512829
89235695
61671915
210311651
67656977
186919557
83056101
87326167
59086597
250099665
79396447
72414187
119865051
118592927
122020647
148946877
100356873
106804779
228533523
187306853
80236545
205161087
63544875
162449303
196606673
157720193
167252597
149225405
93875403
154595847
110954201
32845289
21129893
7213499
125440459
210667813
52031177
81099189
249195815
105630105
162915629
235330795
240975687
184676441
146716943
30999649
102542233
494381
15689713
201377701
127442091
96479787
147370517
193803453
68285611
124712783
83751999
129824471
97021927
164028769
214390164
178728779
73949329
166053241
114242609
92943201
131169111
29209562
8308009
121903637
118767447
169173075
145440143
246038589
240375537
8995521
92764073
37451353
80420227
20436307
146687369
139662301
97811297
197187325
183156701
169504781
206297295
44794501
84368057
54626097
118326231
27947719
243100099
184779287
17682342
243380719
11401257
196562969
120455759
179660495
154370363
207950577
63714313
111999611
161930475
109661599
156418465
163882509
