188843323
13232287
217575691
117018321
124344961
87197799
202487185
64919841
245996155
132499579
87326167
188030903
140551235
165250973
125440459
133121319
169454345
176099479
214473924
196606673
157142579
203699427
103635521
132502665
179826417
130982331
231413587
182536665
203373945
49626177
230403793
156061397
186037581
154736231
32997771
90238091
139373747
63714313
149360289
123426345
18500103
114516053
235812575
49047267
2071573
98153581
64835035
156611655
101556683
15257192
28796542
130016559
140265127
63544875
50312381
89675825
90353709
219953423
54538959
128806143
71181989
120979037
211472577
19902957
122927081
214032768
189962049
215561783
6010241
223084253
198839755
217236611
150693631
192676029
109419473
109897583
3944571
58618453
223483033
116999143
240153909
127291739
124324083
53969135
96460315
187466551
249838077
187519677
135157101
243318885
249864945
143784503
213826612
105230373
192032919
202127941
158071599
215331216
238021481
149992399
205367805
146587
26409075
1741086
51910771
70509971
186209975
96713321
131595719
220874011
108125641
65712515
138469679
180686931
47149629
46587177
50167943
1477262
163155935
185168145
163315473
150641607
115551387
180283125
34258203
194727701
214025186
188473211
88087037
210684755
112883373
195537365
69511457
103781815
196286935
120336233
190250839
82109467
152350761
99621251
91264633
104480203
221023767
87335187
249160823
104402699
134415207
247336853
129641049
194910727
111814171
187262737
227106607
74762301
25359750
9048075
247032951
106633009
129106609
80876013
48504205
181553069
178881229
207546837
28790166
71932921
190676663
47993001
180938071
201736727
231953875
206488717
166297907
202500721
55045261
151456187
146116549
16224079
18701
234526419
152051307
137453401
124772933
149414225
243380719
154905233
169744355
205935099
130253697
136296711
75765161
175872549
134295785
8485035
11401257
201033677
160238255
211724905
184676441
92666141
95148333
96374225
28026947
134297267
67643817
70024345
150472983
24406487
182563901
3106036
83117957
73438501
163847773
237819203
137880985
228609557
228618371
60131923
79623419
144426031
73949329
123340733
151660721
105885195
73587627
194949159
110786201
131431435
32630827
2409257
63594181
146526543
53521709
74909179
160405515
243473705
68008929
35300593
78962803
213320622
84342353
172058345
125423879
234736949
85659427
3091439
228671783
116176955
182741909
62069797
103743281
219415611
2289222
146798455
150331023
176721061
158663951
121183369
156959403
164053659
5847610
150907371
245290319
178696727
228533523
215363829
101972901
122878171
243100099
108934395
75963739
162632977
244194105
219614927
10824475
197298739
180823369
136034185
102636383
136742487
190380883
190755439
190972117
54617779
127066687
188871445
1354031
45484445
210583347
77903593
47250905
40733745
131186297
4850768
75491543
2850326
122410279
245873797
159628361
93343447
52057293
145861455
61961865
127103593
144241943
246085889
80569797
147843141
175121447
203461135
81099189
45576007
77989241
238538907
115524025
66894555
56415071
147351801
194825961
18345297
160900781
59811577
92764073
129546987
163723451
48134125
8873657
159005857
210684835
162996053
84368057
187907417
133457059
84135095
100356873
199760001
64746887
167252597
26195781
118271423
15689713
178269115
194826429
178413829
4453069
148192887
233005811
9047293
67644341
92651253
209043363
177955225
11589310
184795451
134031649
208394273
128701991
162173677
172070487
16915668
221029797
13531475
20173645
79684597
140947719
234554415
80133469
19598911
105994485
65398735
194468931
143349057
148582435
20674977
130900145
178178857
148600109
73418897
238330373
117177545
220000583
165987365
214133682
98148733
78734879
136913451
75899459
122802463
123968563
188812201
202462115
86185311
222195817
208239861
151641213
4553752
185457431
21129893
200278863
64338287
202246685
218979037
23784657
127080187
203476057
190882701
153911015
61961287
196925191
207750899
174363435
147375601
163120403
92586969
377374
61689751
189221763
34584191
164656583
93022037
236641283
168191829
139906991
60307625
129581449
198399217
229064357
104328831
182341527
132963347
49706503
212101997
160126941
134027655
111919103
166053241
135411701
86641245
14691017
23361605
96065785
149225405
68805749
41297223
185877555
115856809
85061671
8308009
84343103
123371449
36148417
81024899
224937533
220558925
86415243
135895445
232044993
129659057
84874383
218633919
218933741
238903899
193745129
185569437
131892715
89557417
79393637
249195815
108632765
159573147
201377701
94194587
2411429
185757261
186022283
221918401
193104053
3974545
181198639
191770959
12449502
243164337
172027913
126335635
88217275
36193519
102650105
48256357
109742819
129772037
203455249
232477711
181166301
248623031
101556677
192479653
231099427
8002787
162208831
480586
71597929
86220891
84584273
167102819
166992051
149402555
99551617
134813385
147944781
50899719
140239317
26173499
89823209
127745789
63758259
194274885
132049737
163623121
106804779
169294771
18350073
210367921
79397987
136887197
75813297
14764691
122043907
64144933
32785267
126780319
112651961
168855469
198239343
248061323
75037419
161033063
143942109
140863695
136518377
112309233
111969583
99248099
181725907
28939269
145744963
152516213
75419675
76478973
89911867
194720401
44877279
3491632
46274691
250084141
188608089
141914409
246038589
42108375
242766033
62835011
104955535
50726617
167336791
97521849
154136285
229848091
243997301
200830079
182806345
56734397
230453227
195205837
160067773
58512335
19320873
70601713
136054343
195247149
229636055
186966411
52031177
245177201
50012653
78611149
59635897
154493257
92943201
188156417
43122055
107537581
63183933
222009349
5691237
194723043
175595133
83105547
221117639
248649447
2412097
153908395
71156679
234205259
64823375
47768051
47952403
32845289
139596261
116505025
184913693
151144857
163643935
175564541
190245231
136015171
217354651
44817691
208758341
114984201
6390387
158955547
17036260
137213669
48214033
68014411
134019569
42385341
159227931
70232445
212029621
78743327
88107555
137853
124940283
218625225
80569167
110179337
39857663
46432363
217834163
237537877
181615251
138314867
137817367
193338029
102626487
166732665
184420649
57680843
49650205
20912521
56826665
217243931
127372505
249702807
39990787
88016221
111941011
35019871
115989151
233557375
49657327
123068273
80686143
52260903
208496319
123020145
235330795
215495923
29209562
4716254
34084751
195925489
187054505
148950373
123288579
104936571
110076951
1306380
39974045
37914611
134687695
121412027
54587405
48579177
244878705
250389859
145997669
248335749
115178431
160184833
104468427
152008329
150972805
84682493
207105587
40309889
127540779
116651407
79396447
231846637
27401007
47561761
182359679
195836147
78927279
196436857
199938639
97845793
48544297
99268245
169126491
54710859
36949031
159491241
194716539
5368522
188109195
380859
75747147
8995521
39821199
212225911
177957813
97811297
30650161
124245069
62285105
148744403
83056101
206614701
158799413
204832577
206786977
211027651
34462237
113332059
49664781
195537971
98837933
193478221
137219083
24943565
204315085
162197673
207267207
139289163
112575885
387271
6630085
120477347
49150123
246392097
197706225
166931543
107634155
120463707
145181535
43907579
58408555
128480587
35085821
243676573
201715861
169660429
230830611
71580121
116531459
203531837
17808910
111553039
5690285
18510055
88942237
89601561
97187025
110199385
95564723
89568785
182329321
197450235
116026017
200494849
192353997
83072421
112903497
153739697
60297189
80827
4139219
83860287
212321795
141968743
150177503
180067259
38926175
131169111
108561047
68150991
215125174
156899439
235644033
197548749
198354787
165556283
229118353
138599829
240571147
86860017
151443985
164680893
70947883
204617815
22743943
224102773
8305303
214687014
93251215
208159463
87872723
62113275
156702241
162045519
195944679
50662331
168210301
238404043
3990171
210048863
67656977
200726619
167751481
191761187
130766577
67925997
133536967
159782687
93183915
136441715
115397641
172355493
3009469
139251713
44347397
120005543
95590285
146031019
104460033
179661135
118395617
168287635
154589845
96468803
163948915
106305691
208141613
187295035
105594567
36303987
213973226
157841617
121318647
68285611
238311495
134097581
250295115
231732945
179445155
166545677
245836013
90883953
247127585
180283649
90580261
146355505
246779793
7791137
59141317
180565545
82838525
250367913
152587023
62647249
2236417
120658071
5678973
240409193
150529871
148792081
74202879
61671915
189688245
51480703
108103867
87807649
80420227
99433791
40268241
156418465
13083541
67182713
50189701
217199487
115673443
34747403
138218819
228897853
48723283
91301595
138530545
141230435
58976487
75364545
149669137
216813423
240375537
203757959
29817519
208826213
70172957
71980777
67148185
70937529
51015115
171009987
129963375
99420827
215926491
17751714
164028769
117171591
40872097
209582401
136653231
94774757
61210625
114016681
83160565
141042597
5639687
193046659
87906973
167847377
103183243
162915629
164836879
120455759
52020469
17682342
202573439
73716987
226529491
198012435
73553639
20245883
62113289
56070193
232302805
201371105
52062635
109441241
138893541
111999611
113662619
134814563
755178
91617093
68445249
90925371
166050595
157801615
162070857
3467776
164306885
80400963
26771457
96199199
76586221
178269867
143073615
225492685
217580677
56298305
11617656
494381
3992485
248887187
118326231
77144135
27102039
250245615
156630817
193744039
113913297
94292477
56431181
139861773
233490929
226844179
89525193
118121379
